7622210449283
3080216052885
3119780250110
5014379007237
3033490004521
3033490004521
3033490004521
3270160500253
42099017
3083681081534
3155251205500
3095757697105
3095757697105
3266980033613
7613036021388
3274080005003
3274080005003
3274080005003
3168930010265
5449000000996
3181232127608
3176582033563

7622210449283
3080216052885
3119780250110
5014379007237
3033490004521
3033490004521
3033490004521
3270160500253
42099017
3083681081534
3155251205500
3095757697105
3095757697105
3266980033613
7613036021388
3274080005003
3274080005003
3274080005003
3168930010265
5449000000996
3181232127608
3176582033563